{
  "accessors": [
    {
      "bufferView": 2,
      "componentType": 5126,
      "count": 4361,
      "max": [
        2.000000238418579,
        2.276336908340454,
        2.000000238418579
      ],
      "min": [
        -2.000000238418579,
        0.0,
        -2.000000238418579
      ],
      "type": "VEC3"
    },
    {
      "bufferView": 2,
      "byteOffset": 52332,
      "componentType": 5126,
      "count": 4361,
      "max": [
        0.989134669303894,
        1.0,
        0.9562539458274841
      ],
      "min": [
        -0.9983441829681396,
        -0.26158156991004944,
        -0.9991868734359741
      ],
      "type": "VEC3"
    },
    {
      "bufferView": 1,
      "componentType": 5126,
      "count": 4361,
      "max": [
        1.0000001192092896,
        1.0
      ],
      "min": [
        0.0,
        -1.1920928955078125e-07
      ],
      "type": "VEC2"
    },
    {
      "bufferView": 0,
      "componentType": 5125,
      "count": 24576,
      "type": "SCALAR"
    },
    {
      "bufferView": 2,
      "byteOffset": 104664,
      "componentType": 5126,
      "count": 1780,
      "max": [
        0.6313693523406982,
        3.785249710083008,
        0.10865689069032669
      ],
      "min": [
        -0.633371889591217,
        -0.011983461678028107,
        -0.1599835604429245
      ],
      "type": "VEC3"
    },
    {
      "bufferView": 2,
      "byteOffset": 126024,
      "componentType": 5126,
      "count": 1780,
      "max": [
        0.9988265633583069,
        0.9987922310829163,
        0.9990774393081665
      ],
      "min": [
        -0.9993393421173096,
        -0.9994151592254639,
        -0.9997050762176514
      ],
      "type": "VEC3"
    },
    {
      "bufferView": 0,
      "byteOffset": 98304,
      "componentType": 5125,
      "count": 10656,
      "type": "SCALAR"
    },
    {
      "bufferView": 2,
      "byteOffset": 147384,
      "componentType": 5126,
      "count": 2296,
      "max": [
        0.16153113543987274,
        1.990539312362671,
        0.051813192665576935
      ],
      "min": [
        -0.020717177540063858,
        -0.0015616383170709014,
        -0.4456668198108673
      ],
      "type": "VEC3"
    },
    {
      "bufferView": 2,
      "byteOffset": 174936,
      "componentType": 5126,
      "count": 2296,
      "max": [
        0.9984864592552185,
        0.9957979321479797,
        0.999570369720459
      ],
      "min": [
        -0.9979268908500671,
        -0.9998950958251953,
        -0.9993613958358765
      ],
      "type": "VEC3"
    },
    {
      "bufferView": 0,
      "byteOffset": 140928,
      "componentType": 5125,
      "count": 13764,
      "type": "SCALAR"
    },
    {
      "bufferView": 2,
      "byteOffset": 202488,
      "componentType": 5126,
      "count": 876,
      "max": [
        0.10809017717838287,
        0.010779904201626778,
        0.057020314037799835
      ],
      "min": [
        -0.15535259246826172,
        -2.3049843311309814,
        -0.189811572432518
      ],
      "type": "VEC3"
    },
    {
      "bufferView": 2,
      "byteOffset": 213000,
      "componentType": 5126,
      "count": 876,
      "max": [
        0.9949153661727905,
        0.9955257773399353,
        0.9985163807868958
      ],
      "min": [
        -0.9984511733055115,
        -0.9864442944526672,
        -0.9986588358879089
      ],
      "type": "VEC3"
    },
    {
      "bufferView": 0,
      "byteOffset": 195984,
      "componentType": 5125,
      "count": 5244,
      "type": "SCALAR"
    },
    {
      "bufferView": 2,
      "byteOffset": 223512,
      "componentType": 5126,
      "count": 1448,
      "max": [
        0.062012482434511185,
        0.002548946300521493,
        0.025265363976359367
      ],
      "min": [
        -0.04763874039053917,
        -0.5547752976417542,
        -0.05565177649259567
      ],
      "type": "VEC3"
    },
    {
      "bufferView": 2,
      "byteOffset": 240888,
      "componentType": 5126,
      "count": 1448,
      "max": [
        0.9936496019363403,
        0.9680556654930115,
        0.995958149433136
      ],
      "min": [
        -0.992242157459259,
        -0.9827393889427185,
        -0.9994558691978455
      ],
      "type": "VEC3"
    },
    {
      "bufferView": 0,
      "byteOffset": 216960,
      "componentType": 5125,
      "count": 2172,
      "type": "SCALAR"
    },
    {
      "bufferView": 2,
      "byteOffset": 258264,
      "componentType": 5126,
      "count": 444,
      "max": [
        0.05262771248817444,
        0.6302591562271118,
        0.0167319905012846
      ],
      "min": [
        -0.02552756480872631,
        -0.0035795653238892555,
        -0.06115034222602844
      ],
      "type": "VEC3"
    },
    {
      "bufferView": 2,
      "byteOffset": 263592,
      "componentType": 5126,
      "count": 444,
      "max": [
        0.9329720139503479,
        0.9477168917655945,
        0.9811747074127197
      ],
      "min": [
        -0.959123969078064,
        -0.9606422185897827,
        -0.944937527179718
      ],
      "type": "VEC3"
    },
    {
      "bufferView": 0,
      "byteOffset": 225648,
      "componentType": 5125,
      "count": 2652,
      "type": "SCALAR"
    },
    {
      "bufferView": 2,
      "byteOffset": 268920,
      "componentType": 5126,
      "count": 544,
      "max": [
        0.12129660695791245,
        0.0016037068562582135,
        0.08702049404382706
      ],
      "min": [
        -0.005489503964781761,
        -0.969028115272522,
        -0.005693661980330944
      ],
      "type": "VEC3"
    },
    {
      "bufferView": 2,
      "byteOffset": 275448,
      "componentType": 5126,
      "count": 544,
      "max": [
        0.985100507736206,
        0.9088399410247803,
        0.9773654937744141
      ],
      "min": [
        -0.9780719876289368,
        -0.8993719220161438,
        -0.9753563404083252
      ],
      "type": "VEC3"
    },
    {
      "bufferView": 0,
      "byteOffset": 236256,
      "componentType": 5125,
      "count": 3252,
      "type": "SCALAR"
    },
    {
      "bufferView": 2,
      "byteOffset": 281976,
      "componentType": 5126,
      "count": 2214,
      "max": [
        0.0036552236415445805,
        0.0021430146880447865,
        0.028106188401579857
      ],
      "min": [
        -0.10602600127458572,
        -0.6560675501823425,
        -0.026911824941635132
      ],
      "type": "VEC3"
    },
    {
      "bufferView": 2,
      "byteOffset": 308544,
      "componentType": 5126,
      "count": 2214,
      "max": [
        0.9866138696670532,
        0.7389746308326721,
        0.9944282174110413
      ],
      "min": [
        -0.9866136908531189,
        -0.9993821382522583,
        -0.9945101737976074
      ],
      "type": "VEC3"
    },
    {
      "bufferView": 0,
      "byteOffset": 249264,
      "componentType": 5125,
      "count": 3324,
      "type": "SCALAR"
    },
    {
      "bufferView": 2,
      "byteOffset": 335112,
      "componentType": 5126,
      "count": 760,
      "max": [
        0.11607873439788818,
        0.8753045797348022,
        0.22988377511501312
      ],
      "min": [
        -0.004616901744157076,
        -0.0025855451822280884,
        -0.09251019358634949
      ],
      "type": "VEC3"
    },
    {
      "bufferView": 2,
      "byteOffset": 344232,
      "componentType": 5126,
      "count": 760,
      "max": [
        0.9951744079589844,
        0.9810076355934143,
        0.9834327101707458
      ],
      "min": [
        -0.9974231719970703,
        -0.9867197871208191,
        -0.9657742977142334
      ],
      "type": "VEC3"
    },
    {
      "bufferView": 0,
      "byteOffset": 262560,
      "componentType": 5125,
      "count": 4548,
      "type": "SCALAR"
    },
    {
      "bufferView": 2,
      "byteOffset": 353352,
      "componentType": 5126,
      "count": 820,
      "max": [
        0.015258277766406536,
        0.7380391955375671,
        0.05820697173476219
      ],
      "min": [
        -0.08400368690490723,
        -0.0021713741589337587,
        -0.0758802741765976
      ],
      "type": "VEC3"
    },
    {
      "bufferView": 2,
      "byteOffset": 363192,
      "componentType": 5126,
      "count": 820,
      "max": [
        0.9909265041351318,
        0.9985923767089844,
        0.997888445854187
      ],
      "min": [
        -0.9963588118553162,
        -0.994644045829773,
        -0.9980282187461853
      ],
      "type": "VEC3"
    },
    {
      "bufferView": 0,
      "byteOffset": 280752,
      "componentType": 5125,
      "count": 4908,
      "type": "SCALAR"
    }
  ],
  "asset": {
    "extras": {
      "author": "Renne Sampaio (https://sketchfab.com/rennsam_)",
      "license": "CC-BY-4.0 (http://creativecommons.org/licenses/by/4.0/)",
      "source": "https://sketchfab.com/3d-models/lightning-strike-08e77d74fcbe4325be778237f5f5d918",
      "title": "Lightning Strike"
    },
    "generator": "Sketchfab-11.86.0",
    "version": "2.0"
  },
  "bufferViews": [
    {
      "buffer": 0,
      "byteLength": 300384,
      "name": "floatBufferViews",
      "target": 34963
    },
    {
      "buffer": 0,
      "byteLength": 34888,
      "byteOffset": 300384,
      "byteStride": 8,
      "name": "floatBufferViews",
      "target": 34962
    },
    {
      "buffer": 0,
      "byteLength": 373032,
      "byteOffset": 335272,
      "byteStride": 12,
      "name": "floatBufferViews",
      "target": 34962
    }
  ],
  "buffers": [
    {
      "byteLength": 708304,
      "uri": "scene.bin"
    }
  ],
  "materials": [
    {
      "name": "mountain",
      "pbrMetallicRoughness": {
        "baseColorFactor": [
          0.1598675282272039,
          0.1598675282272039,
          0.1598675282272039,
          1.0
        ],
        "metallicFactor": 0.0,
        "roughnessFactor": 0.37260061166542024
      }
    },
    {
      "emissiveFactor": [
        1.0,
        1.0,
        1.0
      ],
      "name": "glow",
      "pbrMetallicRoughness": {
        "baseColorFactor": [
          0.8,
          0.8,
          0.8,
          1.0
        ],
        "metallicFactor": 0.0
      }
    }
  ],
  "meshes": [
    {
      "name": "Object_0",
      "primitives": [
        {
          "attributes": {
            "NORMAL": 1,
            "POSITION": 0,
            "TEXCOORD_0": 2
          },
          "indices": 3,
          "material": 0,
          "mode": 4
        }
      ]
    },
    {
      "name": "Object_1",
      "primitives": [
        {
          "attributes": {
            "NORMAL": 5,
            "POSITION": 4
          },
          "indices": 6,
          "material": 1,
          "mode": 4
        }
      ]
    },
    {
      "name": "Object_2",
      "primitives": [
        {
          "attributes": {
            "NORMAL": 8,
            "POSITION": 7
          },
          "indices": 9,
          "material": 1,
          "mode": 4
        }
      ]
    },
    {
      "name": "Object_3",
      "primitives": [
        {
          "attributes": {
            "NORMAL": 11,
            "POSITION": 10
          },
          "indices": 12,
          "material": 1,
          "mode": 4
        }
      ]
    },
    {
      "name": "Object_4",
      "primitives": [
        {
          "attributes": {
            "NORMAL": 14,
            "POSITION": 13
          },
          "indices": 15,
          "material": 1,
          "mode": 4
        }
      ]
    },
    {
      "name": "Object_5",
      "primitives": [
        {
          "attributes": {
            "NORMAL": 17,
            "POSITION": 16
          },
          "indices": 18,
          "material": 1,
          "mode": 4
        }
      ]
    },
    {
      "name": "Object_6",
      "primitives": [
        {
          "attributes": {
            "NORMAL": 20,
            "POSITION": 19
          },
          "indices": 21,
          "material": 1,
          "mode": 4
        }
      ]
    },
    {
      "name": "Object_7",
      "primitives": [
        {
          "attributes": {
            "NORMAL": 23,
            "POSITION": 22
          },
          "indices": 24,
          "material": 1,
          "mode": 4
        }
      ]
    },
    {
      "name": "Object_8",
      "primitives": [
        {
          "attributes": {
            "NORMAL": 26,
            "POSITION": 25
          },
          "indices": 27,
          "material": 1,
          "mode": 4
        }
      ]
    },
    {
      "name": "Object_9",
      "primitives": [
        {
          "attributes": {
            "NORMAL": 29,
            "POSITION": 28
          },
          "indices": 30,
          "material": 1,
          "mode": 4
        }
      ]
    }
  ],
  "nodes": [
    {
      "children": [
        1
      ],
      "matrix": [
        1.0,
        0.0,
        0.0,
        0.0,
        0.0,
        2.220446049250313e-16,
        -1.0,
        0.0,
        0.0,
        1.0,
        2.220446049250313e-16,
        0.0,
        0.0,
        0.0,
        0.0,
        1.0
      ],
      "name": "Sketchfab_model"
    },
    {
      "children": [
        2
      ],
      "name": "root"
    },
    {
      "children": [
        3,
        5,
        7,
        9,
        11,
        13,
        15,
        17,
        19,
        21
      ],
      "matrix": [
        1.0,
        0.0,
        0.0,
        0.0,
        0.0,
        2.220446049250313e-16,
        1.0,
        0.0,
        0.0,
        -1.0,
        2.220446049250313e-16,
        0.0,
        0.0,
        0.0,
        0.0,
        1.0
      ],
      "name": "GLTF_SceneRootNode"
    },
    {
      "children": [
        4
      ],
      "matrix": [
        1.0,
        0.0,
        0.0,
        0.0,
        0.0,
        1.0,
        0.0,
        0.0,
        0.0,
        0.0,
        1.0,
        0.0,
        0.0,
        0.4308739900588989,
        0.0,
        1.0
      ],
      "name": "mountains_0"
    },
    {
      "mesh": 0,
      "name": "Object_4"
    },
    {
      "children": [
        6
      ],
      "matrix": [
        0.8663279004326889,
        -0.48952927708497335,
        0.099181932873646,
        0.0,
        0.49204503950158224,
        0.8705691212624915,
        -0.0010412521979059758,
        0.0,
        -0.08583500471122137,
        0.04970404390908923,
        0.995068771485322,
        0.0,
        -1.328989863395691,
        2.6574466228485107,
        -0.4139108657836914,
        1.0
      ],
      "name": "lightning_bolt.001_1"
    },
    {
      "mesh": 1,
      "name": "Object_6"
    },
    {
      "children": [
        8
      ],
      "matrix": [
        -0.31095063965611414,
        0.5827204454404711,
        -0.7508305948502049,
        0.0,
        -0.16300690607031543,
        -0.8109859514129214,
        -0.5618990435872462,
        0.0,
        -0.9363431252862578,
        -0.05233229477614648,
        0.34716405725913746,
        0.0,
        -0.721332311630249,
        4.75292444229126,
        -0.4019829332828522,
        1.0
      ],
      "name": "lightning_bolt.002_2"
    },
    {
      "mesh": 2,
      "name": "Object_8"
    },
    {
      "children": [
        10
      ],
      "matrix": [
        0.9345446505028985,
        0.3192760449435353,
        -0.15712766574231596,
        0.0,
        -0.3313148268327037,
        0.9418061458452578,
        -0.05684777189052022,
        0.0,
        0.12983366950537495,
        0.10518550647933707,
        0.9859407829527361,
        0.0,
        0.1486806869506836,
        5.181770324707031,
        -0.4545132517814636,
        1.0
      ],
      "name": "lightning_bolt.003_3"
    },
    {
      "mesh": 3,
      "name": "Object_10"
    },
    {
      "children": [
        12
      ],
      "matrix": [
        -0.19968066438863707,
        0.7245795168688856,
        0.6596303176805663,
        0.0,
        0.27504481334720743,
        0.687570258328033,
        -0.6720100375095017,
        0.0,
        -0.9404668962383059,
        0.047240486838880213,
        -0.33658632396922084,
        0.0,
        0.4488483667373657,
        4.2177019119262695,
        -0.5111127495765686,
        1.0
      ],
      "name": "lightning_bolt_4"
    },
    {
      "mesh": 4,
      "name": "Object_12"
    },
    {
      "children": [
        14
      ],
      "matrix": [
        0.9619918079776074,
        0.2466801031002698,
        -0.11713534103085359,
        0.0,
        0.24581811590087219,
        -0.5954311018483991,
        0.7648759748132676,
        0.0,
        0.1189336591504671,
        -0.7645984107268609,
        -0.6334382803675815,
        0.0,
        -0.39348775148391724,
        3.894115447998047,
        -0.42116183042526245,
        1.0
      ],
      "name": "lightning_bolt.004_5"
    },
    {
      "mesh": 5,
      "name": "Object_14"
    },
    {
      "children": [
        16
      ],
      "matrix": [
        0.6131162780315088,
        0.7880236828272292,
        -0.055741411142884126,
        0.0,
        -0.786648494534195,
        0.6025136740989205,
        -0.13476430748126184,
        0.0,
        -0.07261250346788743,
        0.12647508777316646,
        0.9893085850799517,
        0.0,
        0.44735077023506165,
        4.604668617248535,
        -0.4295092821121216,
        1.0
      ],
      "name": "lightning_bolt.005_6"
    },
    {
      "mesh": 6,
      "name": "Object_16"
    },
    {
      "children": [
        18
      ],
      "matrix": [
        0.4082559661708637,
        0.5915946393067057,
        0.6952286306169095,
        0.0,
        -0.20964693353452402,
        0.8019932530471698,
        -0.5593344127857584,
        0.0,
        -0.8884679112638032,
        0.08259906059022112,
        0.4514445324113999,
        0.0,
        -0.767398476600647,
        4.218303203582764,
        -0.9285552501678467,
        1.0
      ],
      "name": "lightning_bolt.006_7"
    },
    {
      "mesh": 7,
      "name": "Object_18"
    },
    {
      "children": [
        20
      ],
      "matrix": [
        -0.9682908383782483,
        -0.18130713171673735,
        -0.17187372196295217,
        0.0,
        0.22845757949971618,
        -0.36422258207595326,
        -0.9028560489220062,
        0.0,
        0.10109394977880429,
        -0.9134930950448256,
        0.39409437781265755,
        0.0,
        0.5561597347259521,
        3.680753707885742,
        -0.370322048664093,
        1.0
      ],
      "name": "lightning_bolt.007_8"
    },
    {
      "mesh": 8,
      "name": "Object_20"
    },
    {
      "children": [
        22
      ],
      "matrix": [
        -0.8565054834852432,
        -0.19182058712080632,
        -0.47916930109966305,
        0.0,
        -0.24052537583779307,
        -0.6730679736234682,
        0.699376183795593,
        0.0,
        -0.45666826070770317,
        0.7142719126768375,
        0.530348691356143,
        0.0,
        0.8243089914321899,
        4.443497657775879,
        -0.33993983268737793,
        1.0
      ],
      "name": "lightning_bolt.008_9"
    },
    {
      "mesh": 9,
      "name": "Object_22"
    }
  ],
  "scene": 0,
  "scenes": [
    {
      "name": "Sketchfab_Scene",
      "nodes": [
        0
      ]
    }
  ]
}
